Execution,Time
Not Cached,272,1073627471924
213,44614028930664
194,52881813049316
195,4193115234375
195,34802436828613
215,00468254089355
184,03911590576172
211,73357963562012
210,6461524963379
194,06604766845703
200,32215118408203
192,97003746032715
189,60237503051758
187,85738945007324
190,51671028137207
202,5456428527832
187,58559226989746
211,84849739074707
190,05393981933594
200,81019401550293
185,71019172668457
205,6295871734619
228,73806953430176
213,70172500610352
206,61568641662598
229,7985553741455
220,50142288208008
207,19289779663086
199,47457313537598
209,65576171875
207,90815353393555
202,77570088704428 Mean Time 
