Execution,Time
Not Cached,490,7362461090088
493,701696395874
477,86641120910645
482,6202392578125
457,03816413879395
444,36097145080566
474,18880462646484
489,88986015319824
502,0897388458252
490,51499366760254
482,5093746185303
502,5913715362549
539,3829345703125
488,7850284576416
466,65143966674805
467,34046936035156
514,6236419677734
495,98193168640137
546,5314388275146
600,144624710083
543,5638427734375
488,48509788513184
490,15307426452637
561,0029697418213
551,4986515045166
758,0769062042236
519,2379951477051
600,4586219787598
587,1267318725586
504,9021244049072
509,4926357269287
Mean Time 517,6937262217203
