Execution,Time
Not Cached 214,3075466156006
176,3756275177002
166,51153564453125
147,4282741546631
159,00158882141113
158,01024436950684
164,53146934509277
152,86898612976074
148,79131317138672
157,81855583190918
156,30626678466797
153,9764404296875
161,8061065673828
156,98623657226562
166,08738899230957
160,7990264892578
163,65766525268555
154,73079681396484
160,87603569030762
154,43682670593262
152,35280990600586
159,47723388671875
156,60858154296875
160,48717498779297
158,04004669189453
155,96461296081543
187,2248649597168
175,7667064666748
173,80070686340332
179,73947525024414
174,79562759399414
Mean Time,161,84194087982178
